    layer_name                         module_name number_of_filters size_of_filters stride_of_filters  input_shape output_shape       params memory(MB)              MAdd             Flops   MemRead(B)  MemWrite(B) duration[%]    MemR+W(B)
0            0                       encoder.conv1                64             7x7                 2    3x128x128     64x64x64         9408          1     76,808,192.00     38,535,168.00       234240  1.04858e+06       0.32%  1.28282e+06
1            1                         encoder.bn1                                                         64x64x64     64x64x64          128          1      1,048,576.00        524,288.00  1.04909e+06  1.04858e+06       0.16%  2.09766e+06
2            2                        encoder.relu                                                         64x64x64     64x64x64            0          1        262,144.00        262,144.00  1.04858e+06  1.04858e+06       0.05%  2.09715e+06
3            3                     encoder.maxpool                                                            0x0x0        0x0x0            0          0                 0                 0            0            0       0.00%            0
4            4              encoder.layer1.0.conv1                64             3x3                 1     64x64x64     64x64x64        36864          1    301,727,744.00    150,994,944.00  1.19603e+06  1.04858e+06       0.90%  2.24461e+06
5            5                encoder.layer1.0.bn1                                                         64x64x64     64x64x64          128          1      1,048,576.00        524,288.00  1.04909e+06  1.04858e+06       0.21%  2.09766e+06
6            6               encoder.layer1.0.relu                                                         64x64x64     64x64x64            0          1        262,144.00        262,144.00  1.04858e+06  1.04858e+06       0.02%  2.09715e+06
7            7              encoder.layer1.0.conv2                64             3x3                 1     64x64x64     64x64x64        36864          1    301,727,744.00    150,994,944.00  1.19603e+06  1.04858e+06       0.85%  2.24461e+06
8            8                encoder.layer1.0.bn2                                                         64x64x64     64x64x64          128          1      1,048,576.00        524,288.00  1.04909e+06  1.04858e+06       0.02%  2.09766e+06
9            9              encoder.layer1.1.conv1                64             3x3                 1     64x64x64     64x64x64        36864          1    301,727,744.00    150,994,944.00  1.19603e+06  1.04858e+06       0.74%  2.24461e+06
10          10                encoder.layer1.1.bn1                                                         64x64x64     64x64x64          128          1      1,048,576.00        524,288.00  1.04909e+06  1.04858e+06       0.02%  2.09766e+06
11          11               encoder.layer1.1.relu                                                         64x64x64     64x64x64            0          1        262,144.00        262,144.00  1.04858e+06  1.04858e+06       0.05%  2.09715e+06
12          12              encoder.layer1.1.conv2                64             3x3                 1     64x64x64     64x64x64        36864          1    301,727,744.00    150,994,944.00  1.19603e+06  1.04858e+06       0.63%  2.24461e+06
13          13                encoder.layer1.1.bn2                                                         64x64x64     64x64x64          128          1      1,048,576.00        524,288.00  1.04909e+06  1.04858e+06       0.02%  2.09766e+06
14          14              encoder.layer1.2.conv1                64             3x3                 1     64x64x64     64x64x64        36864          1    301,727,744.00    150,994,944.00  1.19603e+06  1.04858e+06       0.69%  2.24461e+06
15          15                encoder.layer1.2.bn1                                                         64x64x64     64x64x64          128          1      1,048,576.00        524,288.00  1.04909e+06  1.04858e+06       0.02%  2.09766e+06
16          16               encoder.layer1.2.relu                                                         64x64x64     64x64x64            0          1        262,144.00        262,144.00  1.04858e+06  1.04858e+06       0.05%  2.09715e+06
17          17              encoder.layer1.2.conv2                64             3x3                 1     64x64x64     64x64x64        36864          1    301,727,744.00    150,994,944.00  1.19603e+06  1.04858e+06       0.81%  2.24461e+06
18          18                encoder.layer1.2.bn2                                                         64x64x64     64x64x64          128          1      1,048,576.00        524,288.00  1.04909e+06  1.04858e+06       0.02%  2.09766e+06
19          19              encoder.layer2.0.conv1               128             3x3                 2     64x64x64    128x32x32        73728        0.5    150,863,872.00     75,497,472.00  1.34349e+06       524288       0.26%  1.86778e+06
20          20                encoder.layer2.0.bn1                                                        128x32x32    128x32x32          256        0.5        524,288.00        262,144.00       525312       524288       0.01%   1.0496e+06
21          21               encoder.layer2.0.relu                                                        128x32x32    128x32x32            0        0.5        131,072.00        131,072.00       524288       524288       0.03%  1.04858e+06
22          22              encoder.layer2.0.conv2               128             3x3                 1    128x32x32    128x32x32       147456        0.5    301,858,816.00    150,994,944.00  1.11411e+06       524288       0.43%   1.6384e+06
23          23                encoder.layer2.0.bn2                                                        128x32x32    128x32x32          256        0.5        524,288.00        262,144.00       525312       524288       0.01%   1.0496e+06
24          24       encoder.layer2.0.downsample.0               128             1x1                 2     64x64x64    128x32x32         8192        0.5     16,646,144.00      8,388,608.00  1.08134e+06       524288       0.04%  1.60563e+06
25          25       encoder.layer2.0.downsample.1                                                        128x32x32    128x32x32          256        0.5        524,288.00        262,144.00       525312       524288       0.01%   1.0496e+06
26          26              encoder.layer2.1.conv1               128             3x3                 1    128x32x32    128x32x32       147456        0.5    301,858,816.00    150,994,944.00  1.11411e+06       524288       0.43%   1.6384e+06
27          27                encoder.layer2.1.bn1                                                        128x32x32    128x32x32          256        0.5        524,288.00        262,144.00       525312       524288       0.01%   1.0496e+06
28          28               encoder.layer2.1.relu                                                        128x32x32    128x32x32            0        0.5        131,072.00        131,072.00       524288       524288       0.02%  1.04858e+06
29          29              encoder.layer2.1.conv2               128             3x3                 1    128x32x32    128x32x32       147456        0.5    301,858,816.00    150,994,944.00  1.11411e+06       524288       0.43%   1.6384e+06
30          30                encoder.layer2.1.bn2                                                        128x32x32    128x32x32          256        0.5        524,288.00        262,144.00       525312       524288       0.01%   1.0496e+06
31          31              encoder.layer2.2.conv1               128             3x3                 1    128x32x32    128x32x32       147456        0.5    301,858,816.00    150,994,944.00  1.11411e+06       524288       0.43%   1.6384e+06
32          32                encoder.layer2.2.bn1                                                        128x32x32    128x32x32          256        0.5        524,288.00        262,144.00       525312       524288       0.01%   1.0496e+06
33          33               encoder.layer2.2.relu                                                        128x32x32    128x32x32            0        0.5        131,072.00        131,072.00       524288       524288       0.03%  1.04858e+06
34          34              encoder.layer2.2.conv2               128             3x3                 1    128x32x32    128x32x32       147456        0.5    301,858,816.00    150,994,944.00  1.11411e+06       524288       0.43%   1.6384e+06
35          35                encoder.layer2.2.bn2                                                        128x32x32    128x32x32          256        0.5        524,288.00        262,144.00       525312       524288       0.01%   1.0496e+06
36          36              encoder.layer2.3.conv1               128             3x3                 1    128x32x32    128x32x32       147456        0.5    301,858,816.00    150,994,944.00  1.11411e+06       524288       0.43%   1.6384e+06
37          37                encoder.layer2.3.bn1                                                        128x32x32    128x32x32          256        0.5        524,288.00        262,144.00       525312       524288       0.01%   1.0496e+06
38          38               encoder.layer2.3.relu                                                        128x32x32    128x32x32            0        0.5        131,072.00        131,072.00       524288       524288       0.02%  1.04858e+06
39          39              encoder.layer2.3.conv2               128             3x3                 1    128x32x32    128x32x32       147456        0.5    301,858,816.00    150,994,944.00  1.11411e+06       524288       0.43%   1.6384e+06
40          40                encoder.layer2.3.bn2                                                        128x32x32    128x32x32          256        0.5        524,288.00        262,144.00       525312       524288       0.01%   1.0496e+06
41          41              encoder.layer3.0.conv1               256             3x3                 2    128x32x32    256x16x16       294912       0.25    150,929,408.00     75,497,472.00  1.70394e+06       262144       0.20%  1.96608e+06
42          42                encoder.layer3.0.bn1                                                        256x16x16    256x16x16          512       0.25        262,144.00        131,072.00       264192       262144       0.01%       526336
43          43               encoder.layer3.0.relu                                                        256x16x16    256x16x16            0       0.25         65,536.00         65,536.00       262144       262144       0.01%       524288
44          44              encoder.layer3.0.conv2               256             3x3                 1    256x16x16    256x16x16       589824       0.25    301,924,352.00    150,994,944.00  2.62144e+06       262144       0.36%  2.88358e+06
45          45                encoder.layer3.0.bn2                                                        256x16x16    256x16x16          512       0.25        262,144.00        131,072.00       264192       262144       0.01%       526336
46          46       encoder.layer3.0.downsample.0               256             1x1                 2    128x32x32    256x16x16        32768       0.25     16,711,680.00      8,388,608.00       655360       262144       0.03%       917504
47          47       encoder.layer3.0.downsample.1                                                        256x16x16    256x16x16          512       0.25        262,144.00        131,072.00       264192       262144       0.01%       526336
48          48              encoder.layer3.1.conv1               256             3x3                 1    256x16x16    256x16x16       589824       0.25    301,924,352.00    150,994,944.00  2.62144e+06       262144       0.36%  2.88358e+06
49          49                encoder.layer3.1.bn1                                                        256x16x16    256x16x16          512       0.25        262,144.00        131,072.00       264192       262144       0.01%       526336
50          50               encoder.layer3.1.relu                                                        256x16x16    256x16x16            0       0.25         65,536.00         65,536.00       262144       262144       0.01%       524288
51          51              encoder.layer3.1.conv2               256             3x3                 1    256x16x16    256x16x16       589824       0.25    301,924,352.00    150,994,944.00  2.62144e+06       262144       0.36%  2.88358e+06
52          52                encoder.layer3.1.bn2                                                        256x16x16    256x16x16          512       0.25        262,144.00        131,072.00       264192       262144       0.01%       526336
53          53              encoder.layer3.2.conv1               256             3x3                 1    256x16x16    256x16x16       589824       0.25    301,924,352.00    150,994,944.00  2.62144e+06       262144       0.36%  2.88358e+06
54          54                encoder.layer3.2.bn1                                                        256x16x16    256x16x16          512       0.25        262,144.00        131,072.00       264192       262144       0.01%       526336
55          55               encoder.layer3.2.relu                                                        256x16x16    256x16x16            0       0.25         65,536.00         65,536.00       262144       262144       0.01%       524288
56          56              encoder.layer3.2.conv2               256             3x3                 1    256x16x16    256x16x16       589824       0.25    301,924,352.00    150,994,944.00  2.62144e+06       262144       0.36%  2.88358e+06
57          57                encoder.layer3.2.bn2                                                        256x16x16    256x16x16          512       0.25        262,144.00        131,072.00       264192       262144       0.01%       526336
58          58              encoder.layer3.3.conv1               256             3x3                 1    256x16x16    256x16x16       589824       0.25    301,924,352.00    150,994,944.00  2.62144e+06       262144       0.36%  2.88358e+06
59          59                encoder.layer3.3.bn1                                                        256x16x16    256x16x16          512       0.25        262,144.00        131,072.00       264192       262144       0.01%       526336
60          60               encoder.layer3.3.relu                                                        256x16x16    256x16x16            0       0.25         65,536.00         65,536.00       262144       262144       0.01%       524288
61          61              encoder.layer3.3.conv2               256             3x3                 1    256x16x16    256x16x16       589824       0.25    301,924,352.00    150,994,944.00  2.62144e+06       262144       0.37%  2.88358e+06
62          62                encoder.layer3.3.bn2                                                        256x16x16    256x16x16          512       0.25        262,144.00        131,072.00       264192       262144       0.01%       526336
63          63              encoder.layer3.4.conv1               256             3x3                 1    256x16x16    256x16x16       589824       0.25    301,924,352.00    150,994,944.00  2.62144e+06       262144       0.37%  2.88358e+06
64          64                encoder.layer3.4.bn1                                                        256x16x16    256x16x16          512       0.25        262,144.00        131,072.00       264192       262144       0.01%       526336
65          65               encoder.layer3.4.relu                                                        256x16x16    256x16x16            0       0.25         65,536.00         65,536.00       262144       262144       0.01%       524288
66          66              encoder.layer3.4.conv2               256             3x3                 1    256x16x16    256x16x16       589824       0.25    301,924,352.00    150,994,944.00  2.62144e+06       262144       0.37%  2.88358e+06
67          67                encoder.layer3.4.bn2                                                        256x16x16    256x16x16          512       0.25        262,144.00        131,072.00       264192       262144       0.01%       526336
68          68              encoder.layer3.5.conv1               256             3x3                 1    256x16x16    256x16x16       589824       0.25    301,924,352.00    150,994,944.00  2.62144e+06       262144       0.37%  2.88358e+06
69          69                encoder.layer3.5.bn1                                                        256x16x16    256x16x16          512       0.25        262,144.00        131,072.00       264192       262144       0.01%       526336
70          70               encoder.layer3.5.relu                                                        256x16x16    256x16x16            0       0.25         65,536.00         65,536.00       262144       262144       0.01%       524288
71          71              encoder.layer3.5.conv2               256             3x3                 1    256x16x16    256x16x16       589824       0.25    301,924,352.00    150,994,944.00  2.62144e+06       262144       0.37%  2.88358e+06
72          72                encoder.layer3.5.bn2                                                        256x16x16    256x16x16          512       0.25        262,144.00        131,072.00       264192       262144       0.01%       526336
73          73              encoder.layer4.0.conv1               512             3x3                 2    256x16x16      512x8x8  1.17965e+06       0.12    150,962,176.00     75,497,472.00  4.98074e+06       131072       0.17%  5.11181e+06
74          74                encoder.layer4.0.bn1                                                          512x8x8      512x8x8         1024       0.12        131,072.00         65,536.00       135168       131072       0.01%       266240
75          75               encoder.layer4.0.relu                                                          512x8x8      512x8x8            0       0.12         32,768.00         32,768.00       131072       131072       0.01%       262144
76          76              encoder.layer4.0.conv2               512             3x3                 1      512x8x8      512x8x8   2.3593e+06       0.12    301,957,120.00    150,994,944.00  9.56826e+06       131072       0.32%  9.69933e+06
77          77                encoder.layer4.0.bn2                                                          512x8x8      512x8x8         1024       0.12        131,072.00         65,536.00       135168       131072       0.01%       266240
78          78       encoder.layer4.0.downsample.0               512             1x1                 2    256x16x16      512x8x8       131072       0.12     16,744,448.00      8,388,608.00       786432       131072       0.02%       917504
79          79       encoder.layer4.0.downsample.1                                                          512x8x8      512x8x8         1024       0.12        131,072.00         65,536.00       135168       131072       0.01%       266240
80          80              encoder.layer4.1.conv1               512             3x3                 1      512x8x8      512x8x8   2.3593e+06       0.12    301,957,120.00    150,994,944.00  9.56826e+06       131072       0.32%  9.69933e+06
81          81                encoder.layer4.1.bn1                                                          512x8x8      512x8x8         1024       0.12        131,072.00         65,536.00       135168       131072       0.01%       266240
82          82               encoder.layer4.1.relu                                                          512x8x8      512x8x8            0       0.12         32,768.00         32,768.00       131072       131072       0.01%       262144
83          83              encoder.layer4.1.conv2               512             3x3                 1      512x8x8      512x8x8   2.3593e+06       0.12    301,957,120.00    150,994,944.00  9.56826e+06       131072       0.32%  9.69933e+06
84          84                encoder.layer4.1.bn2                                                          512x8x8      512x8x8         1024       0.12        131,072.00         65,536.00       135168       131072       0.02%       266240
85          85              encoder.layer4.2.conv1               512             3x3                 1      512x8x8      512x8x8   2.3593e+06       0.12    301,957,120.00    150,994,944.00  9.56826e+06       131072       0.32%  9.69933e+06
86          86                encoder.layer4.2.bn1                                                          512x8x8      512x8x8         1024       0.12        131,072.00         65,536.00       135168       131072       0.02%       266240
87          87               encoder.layer4.2.relu                                                          512x8x8      512x8x8            0       0.12         32,768.00         32,768.00       131072       131072       0.01%       262144
88          88              encoder.layer4.2.conv2               512             3x3                 1      512x8x8      512x8x8   2.3593e+06       0.12    301,957,120.00    150,994,944.00  9.56826e+06       131072       0.32%  9.69933e+06
89          89                encoder.layer4.2.bn2                                                          512x8x8      512x8x8         1024       0.12        131,072.00         65,536.00       135168       131072       0.02%       266240
90          90                     encoder.avgpool                                                            0x0x0        0x0x0            0          0                 0                 0            0            0       0.00%            0
91          91                          encoder.fc                                                            0x0x0        0x0x0            0          0                 0                 0            0            0       0.00%            0
92          92                  center_global_pool                                                          512x8x8      512x1x1            0          0                 0                 0            0            0       0.13%            0
93          93                      center_conv1x1                64             1x1                 1      512x1x1       64x1x1        32832          0         65,536.00         32,832.00       133376          256       0.09%       133632
94          94                           center_fc                                                               64            2          130          0               254               128          776            8       0.00%          784
95          95                            center.0               512             3x3                 1      512x8x8      512x8x8  2.35981e+06       0.12    301,989,888.00    151,027,712.00   9.5703e+06       131072       0.36%  9.70138e+06
96          96                            center.1                                                          512x8x8      512x8x8         1024       0.12        131,072.00         65,536.00       135168       131072       0.10%       266240
97          97                            center.2                                                          512x8x8      512x8x8            0       0.12         32,768.00         32,768.00       131072       131072       0.01%       262144
98          98                            center.3               256             3x3                 1      512x8x8      256x8x8   1.1799e+06       0.06    150,994,944.00     75,513,856.00  4.85069e+06        65536       0.19%  4.91622e+06
99          99                            center.4                                                          256x8x8      256x8x8          512       0.06         65,536.00         32,768.00        67584        65536       0.01%       133120
100        100                            center.5                                                          256x8x8      256x8x8            0       0.06         16,384.00         16,384.00        65536        65536       0.00%       131072
101        101                            center.6                                                          256x8x8      256x4x4            0       0.02         12,288.00         16,384.00        65536        16384       0.01%        81920
102        102                    decoder5.conv1.0               512             3x3                 1      768x8x8      512x8x8  3.53946e+06       0.12    452,984,832.00    226,525,184.00  1.43544e+07       131072       0.66%  1.44855e+07
103        103                    decoder5.conv1.1                                                          512x8x8      512x8x8         1024       0.12        131,072.00         65,536.00       135168       131072       0.01%       266240
104        104                    decoder5.conv1.2                                                          512x8x8      512x8x8            0       0.12         32,768.00         32,768.00       131072       131072       0.01%       262144
105        105                    decoder5.conv2.0                64             3x3                 1      512x8x8       64x8x8       294976       0.02     37,748,736.00     18,878,464.00  1.31098e+06        16384       0.10%  1.32736e+06
106        106                    decoder5.conv2.1                                                           64x8x8       64x8x8          128       0.02         16,384.00          8,192.00        16896        16384       0.00%        33280
107        107                    decoder5.conv2.2                                                           64x8x8       64x8x8            0       0.02          4,096.00          4,096.00        16384        16384       0.00%        32768
108        108              decoder5.SCSE.avg_pool                                                           64x8x8       64x1x1            0          0                 0                 0            0            0       0.00%            0
109        109  decoder5.SCSE.channel_excitation.0                                                               64            4          260          0               508               256         1296           16       0.00%         1312
110        110  decoder5.SCSE.channel_excitation.1                                                                4            4            0          0                 4                 4           16           16       0.00%           32
111        111  decoder5.SCSE.channel_excitation.2                                                                4           64          320          0               448               256         1296          256       0.00%         1552
112        112  decoder5.SCSE.channel_excitation.3                                                               64           64            0          0                 0                 0            0            0       0.00%            0
113        113          decoder5.SCSE.spatial_se.0                 1             1x1                 1       64x8x8        1x8x8           64          0          8,128.00          4,096.00        16640          256       0.00%        16896
114        114          decoder5.SCSE.spatial_se.1                                                            1x8x8        1x8x8            0          0                 0                 0            0            0       0.00%            0
115        115                    decoder4.conv1.0               256             3x3                 1    320x16x16    256x16x16       737536       0.25    377,487,360.00    188,809,216.00  3.27782e+06       262144       0.47%  3.53997e+06
116        116                    decoder4.conv1.1                                                        256x16x16    256x16x16          512       0.25        262,144.00        131,072.00       264192       262144       0.01%       526336
117        117                    decoder4.conv1.2                                                        256x16x16    256x16x16            0       0.25         65,536.00         65,536.00       262144       262144       0.01%       524288
118        118                    decoder4.conv2.0                64             3x3                 1    256x16x16     64x16x16       147520       0.06     75,497,472.00     37,765,120.00       852224        65536       0.15%       917760
119        119                    decoder4.conv2.1                                                         64x16x16     64x16x16          128       0.06         65,536.00         32,768.00        66048        65536       0.00%       131584
120        120                    decoder4.conv2.2                                                         64x16x16     64x16x16            0       0.06         16,384.00         16,384.00        65536        65536       0.00%       131072
121        121              decoder4.SCSE.avg_pool                                                         64x16x16       64x1x1            0          0                 0                 0            0            0       0.00%            0
122        122  decoder4.SCSE.channel_excitation.0                                                               64            4          260          0               508               256         1296           16       0.00%         1312
123        123  decoder4.SCSE.channel_excitation.1                                                                4            4            0          0                 4                 4           16           16       0.00%           32
124        124  decoder4.SCSE.channel_excitation.2                                                                4           64          320          0               448               256         1296          256       0.00%         1552
125        125  decoder4.SCSE.channel_excitation.3                                                               64           64            0          0                 0                 0            0            0       0.00%            0
126        126          decoder4.SCSE.spatial_se.0                 1             1x1                 1     64x16x16      1x16x16           64          0         32,512.00         16,384.00        65792         1024       0.00%        66816
127        127          decoder4.SCSE.spatial_se.1                                                          1x16x16      1x16x16            0          0                 0                 0            0            0       0.00%            0
128        128                    decoder3.conv1.0               128             3x3                 1    192x32x32    128x32x32       221312        0.5    452,984,832.00    226,623,488.00  1.67168e+06       524288       0.64%  2.19597e+06
129        129                    decoder3.conv1.1                                                        128x32x32    128x32x32          256        0.5        524,288.00        262,144.00       525312       524288       0.01%   1.0496e+06
130        130                    decoder3.conv1.2                                                        128x32x32    128x32x32            0        0.5        131,072.00        131,072.00       524288       524288       0.02%  1.04858e+06
131        131                    decoder3.conv2.0                64             3x3                 1    128x32x32     64x32x32        73792       0.25    150,994,944.00     75,563,008.00       819456       262144       0.29%   1.0816e+06
132        132                    decoder3.conv2.1                                                         64x32x32     64x32x32          128       0.25        262,144.00        131,072.00       262656       262144       0.01%       524800
133        133                    decoder3.conv2.2                                                         64x32x32     64x32x32            0       0.25         65,536.00         65,536.00       262144       262144       0.01%       524288
134        134              decoder3.SCSE.avg_pool                                                         64x32x32       64x1x1            0          0                 0                 0            0            0       0.01%            0
135        135  decoder3.SCSE.channel_excitation.0                                                               64            4          260          0               508               256         1296           16       0.00%         1312
136        136  decoder3.SCSE.channel_excitation.1                                                                4            4            0          0                 4                 4           16           16       0.00%           32
137        137  decoder3.SCSE.channel_excitation.2                                                                4           64          320          0               448               256         1296          256       0.00%         1552
138        138  decoder3.SCSE.channel_excitation.3                                                               64           64            0          0                 0                 0            0            0       0.00%            0
139        139          decoder3.SCSE.spatial_se.0                 1             1x1                 1     64x32x32      1x32x32           64          0        130,048.00         65,536.00       262400         4096       0.01%       266496
140        140          decoder3.SCSE.spatial_se.1                                                          1x32x32      1x32x32            0          0                 0                 0            0            0       0.00%            0
141        141                    decoder2.conv1.0                64             3x3                 1    128x64x64     64x64x64        73792          1    603,979,776.00    302,252,032.00  2.39232e+06  1.04858e+06       1.63%   3.4409e+06
142        142                    decoder2.conv1.1                                                         64x64x64     64x64x64          128          1      1,048,576.00        524,288.00  1.04909e+06  1.04858e+06       0.02%  2.09766e+06
143        143                    decoder2.conv1.2                                                         64x64x64     64x64x64            0          1        262,144.00        262,144.00  1.04858e+06  1.04858e+06       0.06%  2.09715e+06
144        144                    decoder2.conv2.0                64             3x3                 1     64x64x64     64x64x64        36928          1    301,989,888.00    151,257,088.00  1.19629e+06  1.04858e+06       0.76%  2.24486e+06
145        145                    decoder2.conv2.1                                                         64x64x64     64x64x64          128          1      1,048,576.00        524,288.00  1.04909e+06  1.04858e+06       0.02%  2.09766e+06
146        146                    decoder2.conv2.2                                                         64x64x64     64x64x64            0          1        262,144.00        262,144.00  1.04858e+06  1.04858e+06       0.05%  2.09715e+06
147        147              decoder2.SCSE.avg_pool                                                         64x64x64       64x1x1            0          0                 0                 0            0            0       0.03%            0
148        148  decoder2.SCSE.channel_excitation.0                                                               64            4          260          0               508               256         1296           16       0.00%         1312
149        149  decoder2.SCSE.channel_excitation.1                                                                4            4            0          0                 4                 4           16           16       0.00%           32
150        150  decoder2.SCSE.channel_excitation.2                                                                4           64          320          0               448               256         1296          256       0.00%         1552
151        151  decoder2.SCSE.channel_excitation.3                                                               64           64            0          0                 0                 0            0            0       0.00%            0
152        152          decoder2.SCSE.spatial_se.0                 1             1x1                 1     64x64x64      1x64x64           64       0.02        520,192.00        262,144.00  1.04883e+06        16384       0.03%  1.06522e+06
153        153          decoder2.SCSE.spatial_se.1                                                          1x64x64      1x64x64            0       0.02                 0                 0            0            0       0.00%            0
154        154                    decoder1.conv1.0                32             3x3                 1   64x128x128   32x128x128        18464          2    603,979,776.00    302,514,176.00  4.26816e+06  2.09715e+06       2.16%  6.36531e+06
155        155                    decoder1.conv1.1                                                       32x128x128   32x128x128           64          2      2,097,152.00      1,048,576.00  2.09741e+06  2.09715e+06       0.03%  4.19456e+06
156        156                    decoder1.conv1.2                                                       32x128x128   32x128x128            0          2        524,288.00        524,288.00  2.09715e+06  2.09715e+06       0.04%   4.1943e+06
157        157                    decoder1.conv2.0                64             3x3                 1   32x128x128   64x128x128        18496          4    603,979,776.00    303,038,464.00  2.17114e+06   4.1943e+06       1.69%  6.36544e+06
158        158                    decoder1.conv2.1                                                       64x128x128   64x128x128          128          4      4,194,304.00      2,097,152.00  4.19482e+06   4.1943e+06       0.28%  8.38912e+06
159        159                    decoder1.conv2.2                                                       64x128x128   64x128x128            0          4      1,048,576.00      1,048,576.00   4.1943e+06   4.1943e+06       0.06%  8.38861e+06
160        160              decoder1.SCSE.avg_pool                                                       64x128x128       64x1x1            0          0                 0                 0            0            0       0.10%            0
161        161  decoder1.SCSE.channel_excitation.0                                                               64            4          260          0               508               256         1296           16       0.00%         1312
162        162  decoder1.SCSE.channel_excitation.1                                                                4            4            0          0                 4                 4           16           16       0.00%           32
163        163  decoder1.SCSE.channel_excitation.2                                                                4           64          320          0               448               256         1296          256       0.00%         1552
164        164  decoder1.SCSE.channel_excitation.3                                                               64           64            0          0                 0                 0            0            0       0.00%            0
165        165          decoder1.SCSE.spatial_se.0                 1             1x1                 1   64x128x128    1x128x128           64       0.06      2,080,768.00      1,048,576.00  4.19456e+06        65536       0.18%   4.2601e+06
166        166          decoder1.SCSE.spatial_se.1                                                        1x128x128    1x128x128            0       0.06                 0                 0            0            0       0.02%            0
167        167                   logits_no_empty.0                64             3x3                 1  320x128x128   64x128x128       184384          4  6,039,797,760.00  3,020,947,456.00  2.17091e+07   4.1943e+06      38.84%  2.59034e+07
168        168                   logits_no_empty.1                                                       64x128x128   64x128x128            0          4      1,048,576.00      1,048,576.00   4.1943e+06   4.1943e+06       0.08%  8.38861e+06
169        169                   logits_no_empty.2                 1             1x1                 1   64x128x128    1x128x128           65       0.06      2,097,152.00      1,064,960.00  4.19456e+06        65536       0.12%   4.2601e+06
170        170                      logits_final.0                64             3x3                 1  384x128x128   64x128x128       221248          4  7,247,757,312.00  3,624,927,232.00  2.60508e+07   4.1943e+06      18.95%  3.02451e+07
171        171                      logits_final.1                                                       64x128x128   64x128x128            0          4      1,048,576.00      1,048,576.00   4.1943e+06   4.1943e+06       0.05%  8.38861e+06
172        172                      logits_final.2                 1             1x1                 1   64x128x128    1x128x128           65       0.06      2,097,152.00      1,064,960.00  4.19456e+06        65536       0.12%   4.2601e+06
173        173                       e2se.avg_pool                                                         64x64x64       64x1x1            0          0                 0                 0            0            0       0.12%            0
174        174           e2se.channel_excitation.0                                                               64            4          260          0               508               256         1296           16       0.01%         1312
175        175           e2se.channel_excitation.1                                                                4            4            0          0                 4                 4           16           16       0.00%           32
176        176           e2se.channel_excitation.2                                                                4           64          320          0               448               256         1296          256       0.00%         1552
177        177           e2se.channel_excitation.3                                                               64           64            0          0                 0                 0            0            0       0.00%            0
178        178                   e2se.spatial_se.0                 1             1x1                 1     64x64x64      1x64x64           64       0.02        520,192.00        262,144.00  1.04883e+06        16384       0.03%  1.06522e+06
179        179                   e2se.spatial_se.1                                                          1x64x64      1x64x64            0       0.02                 0                 0            0            0       0.01%            0
180        180                       e3se.avg_pool                                                        128x32x32      128x1x1            0          0                 0                 0            0            0       0.02%            0
181        181           e3se.channel_excitation.0                                                              128            8         1032          0          2,040.00          1,024.00         4640           32       0.00%         4672
182        182           e3se.channel_excitation.1                                                                8            8            0          0                 8                 8           32           32       0.00%           64
183        183           e3se.channel_excitation.2                                                                8          128         1152          0          1,920.00          1,024.00         4640          512       0.00%         5152
184        184           e3se.channel_excitation.3                                                              128          128            0          0                 0                 0            0            0       0.00%            0
185        185                   e3se.spatial_se.0                 1             1x1                 1    128x32x32      1x32x32          128          0        261,120.00        131,072.00       524800         4096       0.02%       528896
186        186                   e3se.spatial_se.1                                                          1x32x32      1x32x32            0          0                 0                 0            0            0       0.00%            0
187        187                       e4se.avg_pool                                                        256x16x16      256x1x1            0          0                 0                 0            0            0       0.01%            0
188        188           e4se.channel_excitation.0                                                              256           16         4112          0          8,176.00          4,096.00        17472           64       0.00%        17536
189        189           e4se.channel_excitation.1                                                               16           16            0          0                16                16           64           64       0.00%          128
190        190           e4se.channel_excitation.2                                                               16          256         4352          0          7,936.00          4,096.00        17472         1024       0.00%        18496
191        191           e4se.channel_excitation.3                                                              256          256            0          0                 0                 0            0            0       0.00%            0
192        192                   e4se.spatial_se.0                 1             1x1                 1    256x16x16      1x16x16          256          0        130,816.00         65,536.00       263168         1024       0.01%       264192
193        193                   e4se.spatial_se.1                                                          1x16x16      1x16x16            0          0                 0                 0            0            0       0.00%            0
194        194                       e5se.avg_pool                                                          512x8x8      512x1x1            0          0                 0                 0            0            0       0.01%            0
195        195           e5se.channel_excitation.0                                                              512           32        16416          0         32,736.00         16,384.00        67712          128       0.00%        67840
196        196           e5se.channel_excitation.1                                                               32           32            0          0                32                32          128          128       0.00%          256
197        197           e5se.channel_excitation.2                                                               32          512        16896          0         32,256.00         16,384.00        67712         2048       0.00%        69760
198        198           e5se.channel_excitation.3                                                              512          512            0          0                 0                 0            0            0       0.00%            0
199        199                   e5se.spatial_se.0                 1             1x1                 1      512x8x8        1x8x8          512          0         65,472.00         32,768.00       133120          256       0.01%       133376
200        200                   e5se.spatial_se.1                                                            1x8x8        1x8x8            0          0                 0                 0            0            0       0.00%            0
201        201                  logits_no_empty1.0                32             3x3                 1   64x128x128   32x128x128        18464          2    603,979,776.00    302,514,176.00  4.26816e+06  2.09715e+06       4.24%  6.36531e+06
202        202                  logits_no_empty1.1                                                       32x128x128   32x128x128            0          2        524,288.00        524,288.00  2.09715e+06  2.09715e+06       0.03%   4.1943e+06
203        203                  logits_no_empty1.2                 1             1x1                 1   32x128x128    1x128x128           33       0.06      1,048,576.00        540,672.00  2.09728e+06        65536       0.04%  2.16282e+06
204        204                  logits_no_empty2.0                32             3x3                 1     64x64x64     32x64x64        18464        0.5    150,994,944.00     75,628,544.00  1.12243e+06       524288       0.50%  1.64672e+06
205        205                  logits_no_empty2.1                                                         32x64x64     32x64x64            0        0.5        131,072.00        131,072.00       524288       524288       0.02%  1.04858e+06
206        206                  logits_no_empty2.2                 1             1x1                 1     32x64x64      1x64x64           33       0.02        262,144.00        135,168.00       524420        16384       0.01%       540804
207        207                  logits_no_empty3.0                32             3x3                 1     64x32x32     32x32x32        18464       0.12     37,748,736.00     18,907,136.00       336000       131072       0.07%       467072
208        208                  logits_no_empty3.1                                                         32x32x32     32x32x32            0       0.12         32,768.00         32,768.00       131072       131072       0.00%       262144
209        209                  logits_no_empty3.2                 1             1x1                 1     32x32x32      1x32x32           33          0         65,536.00         33,792.00       131204         4096       0.00%       135300
210        210                  logits_no_empty4.0                32             3x3                 1     64x16x16     32x16x16        18464       0.03      9,437,184.00      4,726,784.00       139392        32768       0.02%       172160
211        211                  logits_no_empty4.1                                                         32x16x16     32x16x16            0       0.03          8,192.00          8,192.00        32768        32768       0.00%        65536
212        212                  logits_no_empty4.2                 1             1x1                 1     32x16x16      1x16x16           33          0         16,384.00          8,448.00        32900         1024       0.00%        33924
213        213                      rrb_db_1.conv1                64             1x1                 1     64x64x64     64x64x64         4160          1     33,554,432.00     17,039,360.00  1.06522e+06  1.04858e+06       0.09%  2.11379e+06
214        214                      rrb_db_1.conv2                64             3x3                 1     64x64x64     64x64x64        36928          1    301,989,888.00    151,257,088.00  1.19629e+06  1.04858e+06       0.58%  2.24486e+06
215        215                       rrb_db_1.relu                                                         64x64x64     64x64x64            0          1        262,144.00        262,144.00  1.04858e+06  1.04858e+06       0.04%  2.09715e+06
216        216                         rrb_db_1.bn                                                         64x64x64     64x64x64          128          1      1,048,576.00        524,288.00  1.04909e+06  1.04858e+06       0.02%  2.09766e+06
217        217                      rrb_db_1.conv3                64             3x3                 1     64x64x64     64x64x64        36928          1    301,989,888.00    151,257,088.00  1.19629e+06  1.04858e+06       0.58%  2.24486e+06
218        218                      rrb_db_2.conv1                64             1x1                 1    128x32x32     64x32x32         8256       0.25     16,777,216.00      8,454,144.00       557312       262144       0.03%       819456
219        219                      rrb_db_2.conv2                64             3x3                 1     64x32x32     64x32x32        36928       0.25     75,497,472.00     37,814,272.00       409856       262144       0.15%       672000
220        220                       rrb_db_2.relu                                                         64x32x32     64x32x32            0       0.25         65,536.00         65,536.00       262144       262144       0.01%       524288
221        221                         rrb_db_2.bn                                                         64x32x32     64x32x32          128       0.25        262,144.00        131,072.00       262656       262144       0.01%       524800
222        222                      rrb_db_2.conv3                64             3x3                 1     64x32x32     64x32x32        36928       0.25     75,497,472.00     37,814,272.00       409856       262144       0.15%       672000
223        223                      rrb_db_3.conv1                64             1x1                 1    256x16x16     64x16x16        16448       0.06      8,388,608.00      4,210,688.00       327936        65536       0.02%       393472
224        224                      rrb_db_3.conv2                64             3x3                 1     64x16x16     64x16x16        36928       0.06     18,874,368.00      9,453,568.00       213248        65536       0.03%       278784
225        225                       rrb_db_3.relu                                                         64x16x16     64x16x16            0       0.06         16,384.00         16,384.00        65536        65536       0.00%       131072
226        226                         rrb_db_3.bn                                                         64x16x16     64x16x16          128       0.06         65,536.00         32,768.00        66048        65536       0.00%       131584
227        227                      rrb_db_3.conv3                64             3x3                 1     64x16x16     64x16x16        36928       0.06     18,874,368.00      9,453,568.00       213248        65536       0.03%       278784
228        228                      rrb_db_4.conv1                64             1x1                 1      512x8x8       64x8x8        32832       0.02      4,194,304.00      2,101,248.00       262400        16384       0.40%       278784
229        229                      rrb_db_4.conv2                64             3x3                 1       64x8x8       64x8x8        36928       0.02      4,718,592.00      2,363,392.00       164096        16384       0.15%       180480
230        230                       rrb_db_4.relu                                                           64x8x8       64x8x8            0       0.02          4,096.00          4,096.00        16384        16384       0.00%        32768
231        231                         rrb_db_4.bn                                                           64x8x8       64x8x8          128       0.02         16,384.00          8,192.00        16896        16384       0.13%        33280
232        232                      rrb_db_4.conv3                64             3x3                 1       64x8x8       64x8x8        36928       0.02      4,718,592.00      2,363,392.00       164096        16384       0.01%       180480
233        233                   rrb_trans_1.conv1                64             1x1                 1     64x64x64     64x64x64         4160          1     33,554,432.00     17,039,360.00  1.06522e+06  1.04858e+06       0.09%  2.11379e+06
234        234                   rrb_trans_1.conv2                64             3x3                 1     64x64x64     64x64x64        36928          1    301,989,888.00    151,257,088.00  1.19629e+06  1.04858e+06       0.60%  2.24486e+06
235        235                    rrb_trans_1.relu                                                         64x64x64     64x64x64            0          1        262,144.00        262,144.00  1.04858e+06  1.04858e+06       0.04%  2.09715e+06
236        236                      rrb_trans_1.bn                                                         64x64x64     64x64x64          128          1      1,048,576.00        524,288.00  1.04909e+06  1.04858e+06       0.02%  2.09766e+06
237        237                   rrb_trans_1.conv3                64             3x3                 1     64x64x64     64x64x64        36928          1    301,989,888.00    151,257,088.00  1.19629e+06  1.04858e+06       0.58%  2.24486e+06
238        238                   rrb_trans_2.conv1                64             1x1                 1     64x64x64     64x64x64         4160          1     33,554,432.00     17,039,360.00  1.06522e+06  1.04858e+06       0.09%  2.11379e+06
239        239                   rrb_trans_2.conv2                64             3x3                 1     64x64x64     64x64x64        36928          1    301,989,888.00    151,257,088.00  1.19629e+06  1.04858e+06       0.58%  2.24486e+06
240        240                    rrb_trans_2.relu                                                         64x64x64     64x64x64            0          1        262,144.00        262,144.00  1.04858e+06  1.04858e+06       0.04%  2.09715e+06
241        241                      rrb_trans_2.bn                                                         64x64x64     64x64x64          128          1      1,048,576.00        524,288.00  1.04909e+06  1.04858e+06       0.02%  2.09766e+06
242        242                   rrb_trans_2.conv3                64             3x3                 1     64x64x64     64x64x64        36928          1    301,989,888.00    151,257,088.00  1.19629e+06  1.04858e+06       1.10%  2.24486e+06
243        243                   rrb_trans_3.conv1                64             1x1                 1     64x64x64     64x64x64         4160          1     33,554,432.00     17,039,360.00  1.06522e+06  1.04858e+06       0.08%  2.11379e+06
244        244                   rrb_trans_3.conv2                64             3x3                 1     64x64x64     64x64x64        36928          1    301,989,888.00    151,257,088.00  1.19629e+06  1.04858e+06       0.62%  2.24486e+06
245        245                    rrb_trans_3.relu                                                         64x64x64     64x64x64            0          1        262,144.00        262,144.00  1.04858e+06  1.04858e+06       0.05%  2.09715e+06
246        246                      rrb_trans_3.bn                                                         64x64x64     64x64x64          128          1      1,048,576.00        524,288.00  1.04909e+06  1.04858e+06       0.17%  2.09766e+06
247        247                   rrb_trans_3.conv3                64             3x3                 1     64x64x64     64x64x64        36928          1    301,989,888.00    151,257,088.00  1.19629e+06  1.04858e+06       0.89%  2.24486e+06
248        248                       rrb_trans_4.0                32             3x3                 1   64x128x128   32x128x128        18464          2    603,979,776.00    302,514,176.00  4.26816e+06  2.09715e+06       2.57%  6.36531e+06
249        249                       rrb_trans_4.1                                                       32x128x128   32x128x128            0          2        524,288.00        524,288.00  2.09715e+06  2.09715e+06       0.12%   4.1943e+06
250        250                       rrb_trans_4.2                 1             1x1                 1   32x128x128    1x128x128           33       0.06      1,048,576.00        540,672.00  2.09728e+06        65536       0.30%  2.16282e+06
251        251                            upsample                                                         64x32x32     64x64x64            0          1                 0          4,096.00            0            0       0.12%            0
252        252                          upsample_4                                                         64x16x16     64x64x64            0          1                 0          4,096.00            0            0       0.08%            0
253        253                          upsample_8                                                           64x8x8     64x64x64            0          1                 0          4,096.00            0            0       0.07%            0
total                                                                															   31162809.0     117.76  30,970,284,414.0  15,500,970,512.0          0.0          0.0     100.00%  431832044.0
===============================================================================================================================================================================================================================================
Total params: 31,162,809/118.88MB
-----------------------------------------------------------------------------------------------------------------------------------------------------------------------------------------------------------------------------------------------
Total memory: 117.76MB
Total MAdd: 30.97GMAdd
Total Flops: 15.5GFlops
Total MemR+W: 411.83MB    
                                                                                                                                                                                                                                   
Our network has 90 convolutional layers, 13 pooling layers, 20 fully connected layers, 56 Batch Normalization (BN) layers, 53 ReLU layers and 18 sigmoid layers.